<!DOCTYPE html>
<html xmlns="http://www.w3.org/1999/xhtml" lang="en" xml:lang="en"><head>

<meta charset="utf-8">
<meta name="generator" content="quarto-1.8.25">

<meta name="viewport" content="width=device-width, initial-scale=1.0, user-scalable=yes">


<title>3&nbsp; Hình dạng phân phối – Statistics for babies</title>
<style>
code{white-space: pre-wrap;}
span.smallcaps{font-variant: small-caps;}
div.columns{display: flex; gap: min(4vw, 1.5em);}
div.column{flex: auto; overflow-x: auto;}
div.hanging-indent{margin-left: 1.5em; text-indent: -1.5em;}
ul.task-list{list-style: none;}
ul.task-list li input[type="checkbox"] {
  width: 0.8em;
  margin: 0 0.8em 0.2em -1em; /* quarto-specific, see https://github.com/quarto-dev/quarto-cli/issues/4556 */ 
  vertical-align: middle;
}
/* CSS for syntax highlighting */
html { -webkit-text-size-adjust: 100%; }
pre > code.sourceCode { white-space: pre; position: relative; }
pre > code.sourceCode > span { display: inline-block; line-height: 1.25; }
pre > code.sourceCode > span:empty { height: 1.2em; }
.sourceCode { overflow: visible; }
code.sourceCode > span { color: inherit; text-decoration: inherit; }
div.sourceCode { margin: 1em 0; }
pre.sourceCode { margin: 0; }
@media screen {
div.sourceCode { overflow: auto; }
}
@media print {
pre > code.sourceCode { white-space: pre-wrap; }
pre > code.sourceCode > span { text-indent: -5em; padding-left: 5em; }
}
pre.numberSource code
  { counter-reset: source-line 0; }
pre.numberSource code > span
  { position: relative; left: -4em; counter-increment: source-line; }
pre.numberSource code > span > a:first-child::before
  { content: counter(source-line);
    position: relative; left: -1em; text-align: right; vertical-align: baseline;
    border: none; display: inline-block;
    -webkit-touch-callout: none; -webkit-user-select: none;
    -khtml-user-select: none; -moz-user-select: none;
    -ms-user-select: none; user-select: none;
    padding: 0 4px; width: 4em;
  }
pre.numberSource { margin-left: 3em;  padding-left: 4px; }
div.sourceCode
  {   }
@media screen {
pre > code.sourceCode > span > a:first-child::before { text-decoration: underline; }
}
</style>


<script src="site_libs/quarto-nav/quarto-nav.js"></script>
<script src="site_libs/quarto-nav/headroom.min.js"></script>
<script src="site_libs/clipboard/clipboard.min.js"></script>
<script src="site_libs/quarto-search/autocomplete.umd.js"></script>
<script src="site_libs/quarto-search/fuse.min.js"></script>
<script src="site_libs/quarto-search/quarto-search.js"></script>
<meta name="quarto:offset" content="./">
<link href="./distr-d.html" rel="next">
<link href="./bayes.html" rel="prev">
<script src="site_libs/quarto-html/quarto.js" type="module"></script>
<script src="site_libs/quarto-html/tabsets/tabsets.js" type="module"></script>
<script src="site_libs/quarto-html/axe/axe-check.js" type="module"></script>
<script src="site_libs/quarto-html/popper.min.js"></script>
<script src="site_libs/quarto-html/tippy.umd.min.js"></script>
<script src="site_libs/quarto-html/anchor.min.js"></script>
<link href="site_libs/quarto-html/tippy.css" rel="stylesheet">
<link href="site_libs/quarto-html/quarto-syntax-highlighting-7b89279ff1a6dce999919e0e67d4d9ec.css" rel="stylesheet" id="quarto-text-highlighting-styles">
<script src="site_libs/bootstrap/bootstrap.min.js"></script>
<link href="site_libs/bootstrap/bootstrap-icons.css" rel="stylesheet">
<link href="site_libs/bootstrap/bootstrap-832c273f0af7a47d06e59912ec7b3523.min.css" rel="stylesheet" append-hash="true" id="quarto-bootstrap" data-mode="light">
<script id="quarto-search-options" type="application/json">{
  "location": "sidebar",
  "copy-button": false,
  "collapse-after": 3,
  "panel-placement": "start",
  "type": "textbox",
  "limit": 50,
  "keyboard-shortcut": [
    "f",
    "/",
    "s"
  ],
  "show-item-context": false,
  "language": {
    "search-no-results-text": "No results",
    "search-matching-documents-text": "matching documents",
    "search-copy-link-title": "Copy link to search",
    "search-hide-matches-text": "Hide additional matches",
    "search-more-match-text": "more match in this document",
    "search-more-matches-text": "more matches in this document",
    "search-clear-button-title": "Clear",
    "search-text-placeholder": "",
    "search-detached-cancel-button-title": "Cancel",
    "search-submit-button-title": "Submit",
    "search-label": "Search"
  }
}</script>
<link href="site_libs/htmltools-fill-0.5.9/fill.css" rel="stylesheet">

<script src="site_libs/htmlwidgets-1.6.4/htmlwidgets.js"></script>

<script src="site_libs/plotly-binding-4.11.0/plotly.js"></script>

<script src="site_libs/typedarray-0.1/typedarray.min.js"></script>

<script src="site_libs/jquery-3.5.1/jquery.min.js"></script>

<link href="site_libs/crosstalk-1.2.2/css/crosstalk.min.css" rel="stylesheet">

<script src="site_libs/crosstalk-1.2.2/js/crosstalk.min.js"></script>

<link href="site_libs/plotly-htmlwidgets-css-2.11.1/plotly-htmlwidgets.css" rel="stylesheet">

<script src="site_libs/plotly-main-2.11.1/plotly-latest.min.js"></script>


  <script src="https://cdnjs.cloudflare.com/polyfill/v3/polyfill.min.js?features=es6"></script>
  <script src="https://cdn.jsdelivr.net/npm/mathjax@3/es5/tex-chtml-full.js" type="text/javascript"></script>

<script type="text/javascript">
const typesetMath = (el) => {
  if (window.MathJax) {
    // MathJax Typeset
    window.MathJax.typeset([el]);
  } else if (window.katex) {
    // KaTeX Render
    var mathElements = el.getElementsByClassName("math");
    var macros = [];
    for (var i = 0; i < mathElements.length; i++) {
      var texText = mathElements[i].firstChild;
      if (mathElements[i].tagName == "SPAN" && texText && texText.data) {
        window.katex.render(texText.data, mathElements[i], {
          displayMode: mathElements[i].classList.contains('display'),
          throwOnError: false,
          macros: macros,
          fleqn: false
        });
      }
    }
  }
}
window.Quarto = {
  typesetMath
};
</script>

</head>

<body class="nav-sidebar floating quarto-light">

<div id="quarto-search-results"></div>
  <header id="quarto-header" class="headroom fixed-top">
  <nav class="quarto-secondary-nav">
    <div class="container-fluid d-flex">
      <button type="button" class="quarto-btn-toggle btn" data-bs-toggle="collapse" role="button" data-bs-target=".quarto-sidebar-collapse-item" aria-controls="quarto-sidebar" aria-expanded="false" aria-label="Toggle sidebar navigation" onclick="if (window.quartoToggleHeadroom) { window.quartoToggleHeadroom(); }">
        <i class="bi bi-layout-text-sidebar-reverse"></i>
      </button>
        <nav class="quarto-page-breadcrumbs" aria-label="breadcrumb"><ol class="breadcrumb"><li class="breadcrumb-item"><a href="./distr-shape.html"><span class="chapter-number">3</span>&nbsp; <span class="chapter-title">Hình dạng phân phối</span></a></li></ol></nav>
        <a class="flex-grow-1" role="navigation" data-bs-toggle="collapse" data-bs-target=".quarto-sidebar-collapse-item" aria-controls="quarto-sidebar" aria-expanded="false" aria-label="Toggle sidebar navigation" onclick="if (window.quartoToggleHeadroom) { window.quartoToggleHeadroom(); }">      
        </a>
      <button type="button" class="btn quarto-search-button" aria-label="Search" onclick="window.quartoOpenSearch();">
        <i class="bi bi-search"></i>
      </button>
    </div>
  </nav>
</header>
<!-- content -->
<div id="quarto-content" class="quarto-container page-columns page-rows-contents page-layout-article">
<!-- sidebar -->
  <nav id="quarto-sidebar" class="sidebar collapse collapse-horizontal quarto-sidebar-collapse-item sidebar-navigation floating overflow-auto">
    <div class="pt-lg-2 mt-2 text-left sidebar-header sidebar-header-stacked">
      <a href="./index.html" class="sidebar-logo-link">
      </a>
    <div class="sidebar-title mb-0 py-0">
      <a href="./">Statistics for babies</a> 
    </div>
      </div>
        <div class="mt-2 flex-shrink-0 align-items-center">
        <div class="sidebar-search">
        <div id="quarto-search" class="" title="Search"></div>
        </div>
        </div>
    <div class="sidebar-menu-container"> 
    <ul class="list-unstyled mt-1">
        <li class="sidebar-item">
  <div class="sidebar-item-container"> 
  <a href="./index.html" class="sidebar-item-text sidebar-link">
 <span class="menu-text">Preface</span></a>
  </div>
</li>
        <li class="sidebar-item">
  <div class="sidebar-item-container"> 
  <a href="./prob.html" class="sidebar-item-text sidebar-link">
 <span class="menu-text"><span class="chapter-number">1</span>&nbsp; <span class="chapter-title">Xác suất</span></span></a>
  </div>
</li>
        <li class="sidebar-item">
  <div class="sidebar-item-container"> 
  <a href="./bayes.html" class="sidebar-item-text sidebar-link">
 <span class="menu-text"><span class="chapter-number">2</span>&nbsp; <span class="chapter-title">Bayesian</span></span></a>
  </div>
</li>
        <li class="sidebar-item">
  <div class="sidebar-item-container"> 
  <a href="./distr-shape.html" class="sidebar-item-text sidebar-link active">
 <span class="menu-text"><span class="chapter-number">3</span>&nbsp; <span class="chapter-title">Hình dạng phân phối</span></span></a>
  </div>
</li>
        <li class="sidebar-item">
  <div class="sidebar-item-container"> 
  <a href="./distr-d.html" class="sidebar-item-text sidebar-link">
 <span class="menu-text"><span class="chapter-number">4</span>&nbsp; <span class="chapter-title">Phân phối rời rạc</span></span></a>
  </div>
</li>
        <li class="sidebar-item">
  <div class="sidebar-item-container"> 
  <a href="./references.html" class="sidebar-item-text sidebar-link">
 <span class="menu-text">Tài liệu tham khảo</span></a>
  </div>
</li>
    </ul>
    </div>
</nav>
<div id="quarto-sidebar-glass" class="quarto-sidebar-collapse-item" data-bs-toggle="collapse" data-bs-target=".quarto-sidebar-collapse-item"></div>
<!-- margin-sidebar -->
    <div id="quarto-margin-sidebar" class="sidebar margin-sidebar">
        <nav id="TOC" role="doc-toc" class="toc-active">
    <h2 id="toc-title">Table of contents</h2>
   
  <ul>
  <li><a href="#moments" id="toc-moments" class="nav-link active" data-scroll-target="#moments"><span class="header-section-number">3.1</span> Moments</a>
  <ul class="collapse">
  <li><a href="#moment-gốc-cấp-1" id="toc-moment-gốc-cấp-1" class="nav-link" data-scroll-target="#moment-gốc-cấp-1"><span class="header-section-number">3.1.1</span> Moment gốc cấp 1</a></li>
  <li><a href="#moment-tập-trung-cấp-2" id="toc-moment-tập-trung-cấp-2" class="nav-link" data-scroll-target="#moment-tập-trung-cấp-2"><span class="header-section-number">3.1.2</span> Moment tập trung cấp 2</a></li>
  <li><a href="#moment-tập-trung-cấp-3" id="toc-moment-tập-trung-cấp-3" class="nav-link" data-scroll-target="#moment-tập-trung-cấp-3"><span class="header-section-number">3.1.3</span> Moment tập trung cấp 3</a></li>
  <li><a href="#moment-tập-trung-cấp-4" id="toc-moment-tập-trung-cấp-4" class="nav-link" data-scroll-target="#moment-tập-trung-cấp-4"><span class="header-section-number">3.1.4</span> Moment tập trung cấp 4</a></li>
  </ul></li>
  </ul>
</nav>
    </div>
<!-- main -->
<main class="content" id="quarto-document-content">

<header id="title-block-header" class="quarto-title-block default">
<div class="quarto-title">
<h1 class="title"><span class="chapter-number">3</span>&nbsp; <span class="chapter-title">Hình dạng phân phối</span></h1>
</div>



<div class="quarto-title-meta">

    
  
    
  </div>
  


</header>


<section id="moments" class="level2" data-number="3.1">
<h2 data-number="3.1" class="anchored" data-anchor-id="moments"><span class="header-section-number">3.1</span> Moments</h2>
<p>Xác suất của mỗi giá trị trong một phân phối được xác định bằng hàm mật độ xác suất (với biến liên tục) hoặc hàm khối lượng xác suất (với biến rời rạc).</p>
<p>Hình dạng của phân phối là hình dạng của các hàm số này, được xác định bằng những giá trị gọi là mô-men (moment) của hàm. Thuật ngữ này được mượn từ Vật lý: mô-men (hay mô-men lực) còn gọi là lực xoắn, là lực làm quay một vật thể quanh một điểm tựa. Tưởng tượng một cái mỏ lết quay quanh một con ốc.</p>
<p><img src="img/moment-physics.svg" class="img-fluid"></p>
<p>Trong thống kê, moment đo lường vị trí của phân phối so với một điểm mốc. Đối với một biến ngẫu nhiên <span class="math inline">\(X\)</span>, moment cấp <span class="math inline">\(n\)</span> quanh điểm <span class="math inline">\(a\)</span> (the <span class="math inline">\(n\)</span>-th moment about <span class="math inline">\(a\)</span>) là:</p>
<p><span class="math display">\[E[(X - a)^n]\]</span></p>
<p>Có 2 loại moment:</p>
<ul>
<li>Moment gốc (raw moment, xoay quanh điểm 0): khi <span class="math inline">\(a = 0\)</span>, moment là <span class="math inline">\(E[X^n]\)</span>.</li>
<li>Moment tập trung (central moment, xoay quanh giá trị trung bình): khi <span class="math inline">\(a = E[X]\)</span>, moment là <span class="math inline">\(E[(X - E[X])^n]\)</span>.</li>
</ul>
<p>Cấp của moment có thể từ 0 đến <span class="math inline">\(\infty\)</span>. Nếu biết hết toàn bộ các moment sẽ có thể vẽ lại chính xác hình dạng của đồ thị phân phối đó. Chúng ta thường quan tâm tới 4 loại moment sau:</p>
<table class="caption-top table">
<colgroup>
<col style="width: 25%">
<col style="width: 25%">
<col style="width: 25%">
<col style="width: 25%">
</colgroup>
<thead>
<tr class="header">
<th>Loại moment</th>
<th>Kí hiệu</th>
<th>Tên thường gọi</th>
<th>Ý nghĩa</th>
</tr>
</thead>
<tbody>
<tr class="odd">
<td>Gốc cấp 1</td>
<td><span class="math inline">\(E[X]\)</span></td>
<td>Kỳ vọng (Mean)</td>
<td>Vị trí (tâm của phân phối)</td>
</tr>
<tr class="even">
<td>Tập trung cấp 2</td>
<td><span class="math inline">\(E[(X - E[X])^2]\)</span></td>
<td>Phương sai (Variance)</td>
<td>Độ phân tán (dữ liệu biến động thế nào)</td>
</tr>
<tr class="odd">
<td>Tập trung cấp 3</td>
<td><span class="math inline">\(E[(X - E[X])^3]\)</span></td>
<td>Độ lệch (Skewness)*</td>
<td>Tính bất đối xứng (bên nào có đuôi dài hơn)</td>
</tr>
<tr class="even">
<td>Tập trung cấp 4</td>
<td><span class="math inline">\(E[(X - E[X])^4]\)</span></td>
<td>Độ nhọn (Kurtosis)*</td>
<td>Độ dày của đuôi</td>
</tr>
</tbody>
</table>
<p>*Độ lệch và Độ nhọn thường được chuẩn hóa (standardised) bằng cách chia cho độ lệch chuẩn <span class="math inline">\(\sigma\)</span>, ý nghĩa là gấp bao nhiêu lần độ lệch chuẩn.</p>
<div class="cell">
<div class="cell-output-display">
<div class="plotly html-widget html-fill-item" id="htmlwidget-4749b45851765fc14363" style="width:100%;height:464px;"></div>
<script type="application/json" data-for="htmlwidget-4749b45851765fc14363">{"x":{"visdat":{"4e2070982c27":["function () ","plotlyVisDat"]},"cur_data":"4e2070982c27","attrs":{"4e2070982c27":{"alpha_stroke":1,"sizes":[10,100],"spans":[1,20],"z":{},"type":"surface","x":{},"y":{},"colorscale":"Viridis","opacity":0.5,"showscale":false,"inherit":true},"4e2070982c27.1":{"alpha_stroke":1,"sizes":[10,100],"spans":[1,20],"type":"scatter3d","mode":"lines","x":[0,0],"y":[0,0],"z":[0,0.15915494309189535],"line":{"color":"blue","width":5},"name":"(0, 0)","inherit":true},"4e2070982c27.2":{"alpha_stroke":1,"sizes":[10,100],"spans":[1,20],"type":"scatter3d","mode":"lines","x":[2,2],"y":[2,2],"z":[0,0.15915494309189535],"line":{"color":"black","width":5},"name":"Mean","inherit":true}},"layout":{"margin":{"b":40,"l":60,"t":25,"r":10},"scene":{"xaxis":{"title":"X"},"yaxis":{"title":"Y"},"zaxis":{"title":"Density"},"camera":{"eye":{"x":1.5,"y":-1.5,"z":1.2}}},"hovermode":"closest","showlegend":true},"source":"A","config":{"modeBarButtonsToAdd":["hoverclosest","hovercompare"],"showSendToCloud":false},"data":[{"colorbar":{"title":"z","ticklen":2},"colorscale":"Viridis","showscale":false,"z":[[1.9641280346397441e-05,2.351445000668992e-05,2.8048177764525203e-05,3.3333373802346492e-05,3.946923320384256e-05,4.6563208790420413e-05,5.4730814105438003e-05,6.4095230053683828e-05,7.4786689364305344e-05,8.6941614645494935e-05,0.00010070148844792789,0.00011621143753797108,0.00013361851855771712,0.00015306969843601904,0.00017470953028737057,0.00019867753401754925,0.00022510530031503921,0.00025411334695609557,0.00028580776714134883,0.00032027672060948661,0.00035758682918447592,0.00039777954881023398,0.00044086759958278024,0.00048683154336017122,0.00053561660477050607,0.00058712983542250552,0.0006412377224654384,0.00069776434101903053,0.00075649014515298486,0.00081715148389192567,0.00087944091712123225,0.00094300839136525038,0.001007463317428528,0.0010723775711956546,0.0011372894159709425,0.0012017083202215779,0.0012651206191886671,0.0013269959433532404,0.0013867943120473669,0.0014439737674645393,0.0014979984038169024,0.0015483466292285863,0.001594519484878516,0.0016360488375270063,0.0016725052583432315,0.0017035054031856768,0.0017287187172726468,0.001747873300410146,0.0017607607873109702,0.0017672401205365252,0.0017672401205365252,0.0017607607873109702,0.001747873300410146,0.0017287187172726468,0.0017035054031856768,0.0016725052583432315,0.0016360488375270063,0.001594519484878516,0.0015483466292285863,0.0014979984038169024,0.0014439737674645393,0.0013867943120473658,0.0013269959433532404,0.0012651206191886671,0.0012017083202215779,0.0011372894159709425,0.0010723775711956546,0.001007463317428528,0.00094300839136525038,0.00087944091712123225,0.00081715148389192654,0.00075649014515298486,0.00069776434101903053,0.00064123772246543786,0.00058712983542250552,0.00053561660477050607,0.00048683154336017078,0.00044086759958277981,0.00039777954881023398,0.00035758682918447565,0.00032027672060948634,0.00028580776714134883,0.00025411334695609557,0.00022510530031503921,0.00019867753401754925,0.00017470953028737057,0.00015306969843601904,0.00013361851855771712,0.00011621143753797088,0.0001007014884479278,8.6941614645494867e-05,7.4786689364305289e-05,6.409523005368376e-05,5.4730814105437963e-05,4.6563208790420413e-05,3.946923320384256e-05,3.3333373802346492e-05,2.8048177764525203e-05,2.351445000668992e-05,1.9641280346397441e-05],[2.351445000668992e-05,2.815139081391594e-05,3.3579148721007479e-05,3.9906560978004155e-05,4.7252383480406427e-05,5.5745258249125869e-05,6.5523477564119952e-05,7.6734513034995685e-05,8.9534278682874209e-05,0.00010408609902344636,0.00012055935631214528,0.00013912779564257928,0.00015996747254665118,0.00018325433515198818,0.00020916144177882839,0.00023785582501320961,0.00026949502461889066,0.00030422332392031397,0.00034216773720668404,0.00038343380890949497,0.00042810129836833114,0.00047621983644755315,0.00052780465158729496,0.000582832472533907,0.00064123772246543894,0.00070290912399765594,0.00076768683616304609,0.00083536024250844556,0.00090566650366131552,0.0009782899778930927,0.001052862599320199,0.0011289652855402804,0.0012061304249746773,0.0012838454694121268,0.0013615576298156868,0.001438679644102558,0.0015145965551986501,0.0015886734071683579,0.0016602637376529775,0.0017287187172726468,0.0017933967620962501,0.0018536734247419082,0.0019089513540162862,0.0019586701029695452,0.0020023155613911607,0.0020394287914475471,0.0020696140544825903,0.0020925458328413431,0.002107974672565475,0.0021157317003417694,0.0021157317003417694,0.002107974672565475,0.0020925458328413431,0.0020696140544825903,0.0020394287914475471,0.0020023155613911607,0.0019586701029695452,0.0019089513540162862,0.0018536734247419082,0.0017933967620962501,0.0017287187172726468,0.001660263737652976,0.0015886734071683579,0.0015145965551986501,0.001438679644102558,0.0013615576298156868,0.0012838454694121268,0.0012061304249746773,0.0011289652855402804,0.001052862599320199,0.00097828997789309357,0.00090566650366131552,0.00083536024250844621,0.00076768683616304555,0.00070290912399765518,0.0006412377224654384,0.00058283247253390646,0.00052780465158729453,0.00047621983644755315,0.00042810129836833114,0.00038343380890949459,0.00034216773720668404,0.00030422332392031397,0.00026949502461889066,0.00023785582501320961,0.00020916144177882839,0.00018325433515198818,0.00015996747254665118,0.00013912779564257891,0.00012055935631214518,0.00010408609902344617,8.9534278682874141e-05,7.6734513034995618e-05,6.5523477564119885e-05,5.5745258249125869e-05,4.7252383480406427e-05,3.9906560978004155e-05,3.3579148721007479e-05,2.815139081391594e-05,2.351445000668992e-05],[2.8048177764525203e-05,3.3579148721007479e-05,4.0053411082984762e-05,4.7600786578613575e-05,5.6362927956166958e-05,6.6493280193923783e-05,7.8156799157345837e-05,9.1529389871653784e-05,0.00010679702752143171,0.00012415452657387298,0.00014380392720466541,0.00016595247360918017,0.00019081016588751886,0.00021858687602731557,0.00024948902903652458,0.000283715862391009,0.00032145529047097551,0.00036287941529587362,0.00040813974027578741,0.00045736215944505509,0.00051064181022489753,0.00056803789260960599,0.00062956857117440394,0.00069520608782760768,0.00076487222214055366,0.00083843424177830505,0.00091570148747094088,0.0009964227346430717,0.0010802844669061599,0.0011669101849029995,0.0012558608574281521,0.0013466366004649406,0.001438679644102558,0.0015313786177438471,0.0016240741512921211,0.0017160657549937178,0.0018066199043423558,0.0018949792200691376,0.001980372597974317,0.0020620261104610294,0.0021391744723473693,0.0022110728390306953,0.0022770086864054582,0.0023363135099702904,0.0023883740759658967,0.0024326429605768946,0.0024686481243478939,0.0024960012878571403,0.0025144049009188829,0.0025236575304267801,0.0025236575304267801,0.0025144049009188829,0.0024960012878571403,0.0024686481243478939,0.0024326429605768946,0.0023883740759658967,0.0023363135099702904,0.0022770086864054582,0.0022110728390306953,0.0021391744723473693,0.0020620261104610294,0.0019803725979743148,0.0018949792200691376,0.0018066199043423558,0.0017160657549937178,0.0016240741512921211,0.0015313786177438471,0.001438679644102558,0.0013466366004649406,0.0012558608574281521,0.0011669101849030006,0.0010802844669061599,0.0009964227346430717,0.00091570148747094002,0.00083843424177830505,0.00076487222214055366,0.00069520608782760703,0.0006295685711744034,0.00056803789260960599,0.00051064181022489709,0.00045736215944505471,0.00040813974027578741,0.00036287941529587362,0.00032145529047097551,0.000283715862391009,0.00024948902903652458,0.00021858687602731557,0.00019081016588751886,0.0001659524736091799,0.00014380392720466528,0.0001241545265738729,0.0001067970275214316,9.1529389871653703e-05,7.8156799157345769e-05,6.6493280193923783e-05,5.6362927956166958e-05,4.7600786578613575e-05,4.0053411082984762e-05,3.3579148721007479e-05,2.8048177764525203e-05],[3.3333373802346492e-05,3.9906560978004155e-05,4.7600786578613575e-05,5.6570335001137367e-05,6.6983551014635414e-05,7.9022793660825255e-05,9.2884101897049813e-05,0.00010877652702099476,0.00012692108803780716,0.0001475493088458157,0.00017090130061216401,0.00019722335913156195,0.00022676505540623228,0.00025977580818534207,0.00029650093971442433,0.00033717723034028572,0.0003820280036717128,0.00043125779138968024,0.00048504664511262303,0.00054354418143743102,0.00060686346479384243,0.00067507485039549676,0.00074819992561897585,0.0008262057018382867,0.00090899921933213933,0.0009964227346430717,0.0010882496620453891,0.0011841814380192065,0.0012838454694121257,0.0013867943120473658,0.0014925062068500679,0.0016003870752699092,0.0017097740452626205,0.0018199405439713932,0.0019301029543608663,0.0020394287914475449,0.0021470463106651153,0.0022520554176654853,0.0023535397069428601,0.0024505794175737837,0.0025422650595639945,0.0026277114351736315,0.0027060717574009545,0.0027765515535846824,0.0028384220366250499,0.0028910326301167127,0.0029338223468986496,0.0029663297429792482,0.0029882011999648301,0.0029991973281493643,0.0029991973281493643,0.0029882011999648301,0.0029663297429792482,0.0029338223468986496,0.0028910326301167127,0.0028384220366250499,0.0027765515535846824,0.0027060717574009545,0.0026277114351736315,0.0025422650595639945,0.0024505794175737816,0.0023535397069428601,0.0022520554176654831,0.0021470463106651153,0.0020394287914475449,0.0019301029543608663,0.0018199405439713932,0.0017097740452626205,0.0016003870752699092,0.0014925062068500679,0.0013867943120473658,0.0012838454694121268,0.0011841814380192065,0.0010882496620453891,0.00099642273464307083,0.00090899921933213846,0.00082620570183828583,0.00074819992561897585,0.00067507485039549622,0.00060686346479384189,0.00054354418143743102,0.00048504664511262303,0.00043125779138968024,0.0003820280036717128,0.00033717723034028572,0.00029650093971442433,0.00025977580818534207,0.00022676505540623228,0.00019722335913156138,0.00017090130061216371,0.00014754930884581542,0.00012692108803780694,0.00010877652702099476,9.2884101897049813e-05,7.9022793660825255e-05,6.6983551014635414e-05,5.6570335001137367e-05,4.7600786578613575e-05,3.9906560978004155e-05,3.3333373802346492e-05],[3.946923320384256e-05,4.7252383480406427e-05,5.6362927956166958e-05,6.6983551014635414e-05,7.9313585582267739e-05,9.3568958543244855e-05,0.00010998179483548296,0.0001287996269910577,0.00015028415821194201,0.00017470953028737025,0.0002023600529816957,0.00023352735912561122,0.00026850695964297533,0.00030759418517852433,0.00035107951580716599,0.00039924331735030231,0.00045235002183474811,0.00051064181022489709,0.00057433187724141848,0.0006435973802398448,0.00071857219604797224,0.00079933963055468891,0.00088592524484497879,0.0009782899778930927,0.001076323758365121,0.0011798398060885588,0.0012885698264436915,0.0014021602976639444,0.001520170041304275,0.0016420692496511345,0.0017672401205365237,0.0018949792200691376,0.0020245016576629022,0.0021549471161565544,0.002285387733771248,0.0024148377853851553,0.0025422650595639923,0.002666603776589783,0.002786768843101381,0.0029016711926695997,0.0030102339204214745,0.0031114088853487413,0.0032041934276593308,0.0032876468316930703,0.0033609061584577299,0.0034232010763327646,0.0034738673341321389,0.0035123585473037411,0.0035382560049505569,0.0035512762515727027,0.0035512762515727027,0.0035382560049505569,0.0035123585473037411,0.0034738673341321389,0.0034232010763327629,0.0033609061584577282,0.0032876468316930703,0.0032041934276593308,0.0031114088853487413,0.0030102339204214745,0.0029016711926695971,0.002786768843101381,0.0026666037765897808,0.0025422650595639923,0.0024148377853851553,0.002285387733771248,0.0021549471161565544,0.0020245016576629022,0.0018949792200691376,0.0017672401205365237,0.0016420692496511345,0.0015201700413042766,0.0014021602976639444,0.0012885698264436915,0.0011798398060885575,0.00107632375836512,0.00097828997789309205,0.00088592524484497879,0.00079933963055468815,0.00071857219604797159,0.0006435973802398448,0.00057433187724141848,0.00051064181022489709,0.00045235002183474811,0.00039924331735030231,0.00035107951580716599,0.00030759418517852433,0.00026850695964297533,0.0002335273591256106,0.00020236005298169532,0.00017470953028736995,0.00015028415821194177,0.0001287996269910577,0.00010998179483548296,9.3568958543244855e-05,7.9313585582267739e-05,6.6983551014635414e-05,5.6362927956166958e-05,4.7252383480406427e-05,3.946923320384256e-05],[4.6563208790420413e-05,5.5745258249125869e-05,6.6493280193923783e-05,7.9022793660825255e-05,9.3568958543244855e-05,0.0001103865111959443,0.00012974929737350979,0.00015194933969806679,0.00017729537841728219,0.00020611082800704394,0.0002387310984523988,0.00027550023901104541,0.00031676687406026536,0.00036287941529587362,0.00041418055203001127,0.00047100104144289168,0.00053365284307048551,0.00060242166610688754,0.0006775590236798093,0.00075927391440069674,0.00084772427735726021,0.00094300839136524952,0.0010451564117137447,0.0011541222567702945,0.0012697760716052105,0.0013918975052396559,0.001520170041304275,0.001654176618039997,0.0017933967620962488,0.0019372054411330916,0.0020848738127331691,0.002235572011796695,0.0023883740759658967,0.0025422650595639923,0.0026961503322110716,0.0028488670001559188,0.0029991973281493626,0.0031458839792860558,0.0032876468316930703,0.0034232010763327629,0.0035512762515727027,0.0036706358294986588,0.0037800969379478333,0.0038785497823754268,0.0039649763240407051,0.0040384677762971164,0.0040982404992268295,0.0041436499042246284,0.0041742020236773163,0.0041895624554049507,0.0041895624554049507,0.0041742020236773163,0.0041436499042246284,0.0040982404992268295,0.0040384677762971147,0.0039649763240407034,0.0038785497823754268,0.0037800969379478333,0.0036706358294986588,0.0035512762515727027,0.0034232010763327629,0.0032876468316930686,0.0031458839792860558,0.0029991973281493626,0.0028488670001559188,0.0026961503322110716,0.0025422650595639923,0.0023883740759658967,0.002235572011796695,0.0020848738127331691,0.0019372054411330934,0.0017933967620962488,0.0016541766180399983,0.0015201700413042737,0.0013918975052396546,0.0012697760716052094,0.0011541222567702934,0.0010451564117137438,0.00094300839136524952,0.00084772427735726021,0.00075927391440069609,0.0006775590236798093,0.00060242166610688754,0.00053365284307048551,0.00047100104144289168,0.00041418055203001127,0.00036287941529587362,0.00031676687406026536,0.00027550023901104471,0.00023873109845239858,0.00020611082800704356,0.00017729537841728202,0.00015194933969806662,0.00012974929737350968,0.0001103865111959443,9.3568958543244855e-05,7.9022793660825255e-05,6.6493280193923783e-05,5.5745258249125869e-05,4.6563208790420413e-05],[5.4730814105438003e-05,6.5523477564119952e-05,7.8156799157345837e-05,9.2884101897049813e-05,0.00010998179483548296,0.00012974929737350979,0.00015250849027229703,0.00017860261954648389,0.00020839458125802314,0.00024226451968860509,0.00028060667874919658,0.00032382545702948627,0.00037233063075583963,0.00042653172616691562,0.00048683154336017122,0.00055361885729795471,0.00062726034802262486,0.00070809184068877076,0.0007964089660872128,0.00089245738306424865,0.0009964227346430717,0.0011084205386270084,0.0012284862398138684,0.0013565656734387036,0.0014925062068500692,0.0016360488375270063,0.00178682152928424,0.0019443340639817589,0.002107974672565475,0.0022770086864054603,0.0024505794175737837,0.0026277114351736315,0.0028073163547274647,0.0029882011999648314,0.0031690793324990439,0.0033485838765632638,0.0035252834952010448,0.0036977003033133596,0.0038643296341454992,0.0040236613116072222,0.0041742020236773198,0.004314498344331944,0.0044431599149997178,0.0045588822731982533,0.0046604688070419308,0.0047468513205385469,0.0048171087162856181,0.0048704833390432406,0.0049063945748392618,0.0049244493643458946,0.0049244493643458946,0.0049063945748392618,0.0048704833390432406,0.0048171087162856181,0.0047468513205385452,0.0046604688070419282,0.0045588822731982533,0.0044431599149997178,0.004314498344331944,0.0041742020236773198,0.0040236613116072222,0.0038643296341454975,0.0036977003033133596,0.0035252834952010448,0.0033485838765632638,0.0031690793324990439,0.0029882011999648314,0.0028073163547274647,0.0026277114351736315,0.0024505794175737837,0.0022770086864054621,0.002107974672565475,0.0019443340639817605,0.0017868215292842385,0.0016360488375270045,0.0014925062068500679,0.0013565656734387025,0.0012284862398138675,0.0011084205386270084,0.0009964227346430717,0.00089245738306424789,0.0007964089660872128,0.00070809184068877076,0.00062726034802262486,0.00055361885729795471,0.00048683154336017122,0.00042653172616691562,0.00037233063075583963,0.00032382545702948535,0.00028060667874919636,0.00024226451968860469,0.00020839458125802298,0.00017860261954648373,0.00015250849027229687,0.00012974929737350979,0.00010998179483548296,9.2884101897049813e-05,7.8156799157345837e-05,6.5523477564119952e-05,5.4730814105438003e-05],[6.4095230053683828e-05,7.6734513034995685e-05,9.1529389871653784e-05,0.00010877652702099476,0.0001287996269910577,0.00015194933969806679,0.00017860261954648389,0.00020916144177882839,0.00024405079379856968,0.00028371586239100927,0.0003286183464105073,0.00037923183685078713,0.0004360362224532958,0.00049951109919899733,0.00057012818608813203,0.0006483427772919656,0.00073458429163159923,0.0008292460137839196,0.00093267415682575224,0.0010451564117137456,0.0011669101849030006,0.0012980707592373877,0.0014386796441025595,0.0015886734071683579,0.0017478733004101478,0.0019159760061003065,0.0020925458328413431,0.0022770086864054603,0.0024686481243478961,0.002666603776589783,0.0028698723763110946,0.0030773115968581073,0.0032876468316930733,0.0034994809868799251,0.0037113072808233425,0.0039215249659707418,0.0041284578043014148,0.0043303750452872878,0.0045255145744162025,0.0047121078251958172,0.0048884059806369139,0.0050527069342225853,0.0052033824376991515,0.0053389048356814071,0.0054578727765660978,0.0055590352965409467,0.0056413136988812795,0.0057038206939003522,0.0057458763248548605,0.0057670202801552344,0.0057670202801552344,0.0057458763248548605,0.0057038206939003522,0.0056413136988812795,0.0055590352965409441,0.005457872776566096,0.0053389048356814071,0.0052033824376991515,0.0050527069342225853,0.0048884059806369139,0.0047121078251958172,0.0045255145744162008,0.0043303750452872878,0.0041284578043014148,0.0039215249659707418,0.0037113072808233425,0.0034994809868799251,0.0032876468316930733,0.0030773115968581073,0.0028698723763110946,0.0026666037765897851,0.0024686481243478961,0.0022770086864054621,0.0020925458328413414,0.0019159760061003049,0.001747873300410146,0.0015886734071683566,0.001438679644102558,0.0012980707592373877,0.0011669101849030006,0.0010451564117137447,0.00093267415682575224,0.0008292460137839196,0.00073458429163159923,0.0006483427772919656,0.00057012818608813203,0.00049951109919899733,0.0004360362224532958,0.00037923183685078604,0.00032861834641050703,0.00028371586239100873,0.00024405079379856946,0.00020916144177882817,0.00017860261954648373,0.00015194933969806679,0.0001287996269910577,0.00010877652702099476,9.1529389871653784e-05,7.6734513034995685e-05,6.4095230053683828e-05],[7.4786689364305344e-05,8.9534278682874209e-05,0.00010679702752143171,0.00012692108803780716,0.00015028415821194201,0.00017729537841728219,0.00020839458125802314,0.00024405079379856968,0.00028475989382733738,0.00033104132788962346,0.00038343380890949459,0.00044248992562878999,0.00050876961503823416,0.000582832472533907,0.0006652289026047027,0.00075649014515298486,0.00085711724857118719,0.00096756909972089446,0.00108824966204539,0.001219494615035796,0.0013615576298156868,0.0015145965551986501,0.0016786598245786873,0.0018536734247419082,0.0020394287914475449,0.0022355720117966968,0.0024415947185181023,0.0026568270551084951,0.0028804330723323484,0.0031114088853487439,0.0033485838765632638,0.003590625172554077,0.0038360455549568818,0.0040832148863944959,0.0043303750452872861,0.0045756582700270075,0.0048171087162856155,0.0050527069342225853,0.0052803968783172979,0.0054981149748409086,0.0057038206939003496,0.0058955280076548851,0.0060713370665173658,0.0062294653932480079,0.0063682778825986594,0.0064863149026753901,0.0065823178238298028,0.006655251351265031,0.006704322107475443,0.0067289929982056497,0.0067289929982056497,0.006704322107475443,0.006655251351265031,0.0065823178238298028,0.0064863149026753867,0.0063682778825986559,0.0062294653932480079,0.0060713370665173658,0.0058955280076548851,0.0057038206939003496,0.0054981149748409086,0.0052803968783172953,0.0050527069342225853,0.0048171087162856155,0.0045756582700270075,0.0043303750452872861,0.0040832148863944959,0.0038360455549568818,0.003590625172554077,0.0033485838765632638,0.0031114088853487457,0.0028804330723323484,0.0026568270551084951,0.0024415947185181001,0.0022355720117966968,0.0020394287914475449,0.0018536734247419067,0.0016786598245786856,0.0015145965551986501,0.0013615576298156853,0.0012194946150357949,0.00108824966204539,0.00096756909972089446,0.00085711724857118719,0.00075649014515298486,0.0006652289026047027,0.000582832472533907,0.00050876961503823416,0.00044248992562878923,0.00038343380890949426,0.00033104132788962319,0.00028475989382733717,0.00024405079379856946,0.00020839458125802298,0.00017729537841728219,0.00015028415821194201,0.00012692108803780716,0.00010679702752143171,8.9534278682874209e-05,7.4786689364305344e-05],[8.6941614645494935e-05,0.00010408609902344636,0.00012415452657387298,0.0001475493088458157,0.00017470953028737025,0.00020611082800704394,0.00024226451968860509,0.00028371586239100927,0.00033104132788962346,0.00038484478729779826,0.0004457525094321745,0.00051440689413500835,0.00059145888379306814,0.0006775590236798105,0.00077334717438244964,0.00087944091712123225,0.0009964227346430717,0.0011248260957380037,0.0012651206191886661,0.0014176965417766244,0.0015828487632662625,0.0017607607873109702,0.0019514889190836689,0.0021549471161565544,0.0023708929167760204,0.0025989148873148248,0.0028384220366250521,0.0030886356378173312,0.0033485838765632638,0.0036170997087039219,0.0038928222585987863,0.0041742020236773198,0.0044595100710636054,0.0047468513205385452,0.0050341819066740028,0.0053193305044471175,0.0056000233902137389,0.0058739128971454068,0.0061386088149136958,0.0063917121814379115,0.0066308508237398981,0.006853715928999189,0.0070580988690214586,0.0072419274642435668,0.0074033008591576936,0.0075405221909300253,0.0076521282674497405,0.0077369155296070713,0.0077939616538983403,0.0078226422532544412,0.0078226422532544412,0.0077939616538983403,0.0077369155296070713,0.0076521282674497405,0.0075405221909300227,0.0074033008591576901,0.0072419274642435668,0.0070580988690214586,0.006853715928999189,0.0066308508237398981,0.0063917121814379115,0.0061386088149136932,0.0058739128971454033,0.0056000233902137389,0.0053193305044471175,0.0050341819066740028,0.0047468513205385452,0.0044595100710636054,0.0041742020236773198,0.0038928222585987863,0.0036170997087039219,0.0033485838765632647,0.003088635637817333,0.0028384220366250499,0.0025989148873148227,0.0023708929167760183,0.0021549471161565544,0.0019514889190836672,0.0017607607873109689,0.0015828487632662625,0.0014176965417766244,0.0012651206191886661,0.0011248260957380037,0.0009964227346430717,0.00087944091712123225,0.00077334717438244964,0.0006775590236798105,0.00059145888379306814,0.00051440689413500748,0.0004457525094321745,0.00038484478729779794,0.00033104132788962346,0.00028371586239100873,0.00024226451968860469,0.00020611082800704394,0.00017470953028737025,0.0001475493088458157,0.00012415452657387298,0.00010408609902344636,8.6941614645494935e-05],[0.00010070148844792789,0.00012055935631214528,0.00014380392720466541,0.00017090130061216401,0.0002023600529816957,0.0002387310984523988,0.00028060667874919658,0.0003286183464105073,0.00038343380890949459,0.0004457525094321745,0.00051629983365560777,0.00059581985127021343,0.0006850665265025446,0.00078479336361643253,0.000895741491170331,0.0010186262322965469,0.0011541222567702954,0.0013028474631826708,0.0014653457948525033,0.0016420692496511358,0.0018333593998548297,0.0020394287914475449,0.0022603426407787142,0.0024960012878571425,0.0027461238975548027,0.0030102339204214762,0.0032876468316930716,0.0035774606587391801,0.0038785497823754307,0.004189562455404955,0.0045089224222779611,0.0048348349473452045,0.0051652974669926894,0.0054981149748409086,0.0058309201317089648,0.0061611979663417507,0.0064863149026753867,0.0068035517187933076,0.00711013991610301,0.0074033008591576901,0.0076802869414086313,0.0079384239442032729,0.0081751536893032214,0.0083880760422367397,0.0085749893073055975,0.008733928066524935,0.0088631975546888623,0.0089614037305861295,0.0090274782985561419,0.0090606980524854247,0.0090606980524854247,0.0090274782985561419,0.0089614037305861295,0.0088631975546888623,0.0087339280665249298,0.0085749893073055923,0.0083880760422367397,0.0081751536893032214,0.0079384239442032729,0.0076802869414086313,0.0074033008591576901,0.0071101399161030065,0.0068035517187933076,0.0064863149026753867,0.0061611979663417507,0.0058309201317089648,0.0054981149748409086,0.0051652974669926894,0.0048348349473452045,0.0045089224222779611,0.0041895624554049568,0.0038785497823754307,0.0035774606587391814,0.0032876468316930686,0.0030102339204214745,0.0027461238975548027,0.0024960012878571403,0.002260342640778712,0.00203942879144